42
18468
6335
26501
19170
15725
11479
29359
26963
24465
5706
28146
23282
16828
9962
492
2996
11943
4828
5437
32392
14605
3903
154
293
12383
17422
18717
19719
19896
5448
21727
14772
11539
1870
19913
25668
26300
17036
9895
28704
23812
31323
30334
17674
4665
15142
7712
28254
6869
25548
27645
32663
32758
20038
12860
8724
9742
27530
779
12317
3036
22191
1843
289
30107
9041
8943
19265
22649
27447
23806
15891
6730
24371
15351
15007
31102
24394
3549
19630
12624
24085
19955
18757
11841
4967
7377
13932
26309
16945
32440
24627
11324
5538
21539
16119
2083
22930
16542
4834
31116
4640
29659
22705
9931
13978
2307
31674
22387
5022
28746
26925
19073
6271
5830
26778
15574
5098
16513
23987
13291
9162
18637
22356
24768
23656
15575
4032
12053
27351
1151
16942
21725
13967
3431
31108
30192
18008
11338
15458
12288
27754
10384
14946
8910
32210
9759
24222
18589
6423
24947
27507
13031
16414
29169
901
32592
18763
1656
17411
6360
27625
20538
21549
6484
27596
4042
3603
24351
10292
30837
9375
11021
4597
24022
27349
23200
19669
24485
8282
4735
54
2000
26419
27939
6901
3789
18128
468
3729
14894
24649
22484
17808
2422
14311
6618
22814
9515
14310
7617
18936
17452
20601
5250
16520
31557
22799
30304
6225
11009
5845
32610
14990
32703
3196
20486
3094
14344
30524
1588
29315
9504
7449
25201
13459
6619
20581
19797
14799
15282
19590
20799
28010
27158
20473
23623
18539
12293
6039
24180
18191
29658
7959
6192
19816
22889
19157
11512
16203
2635
24273
20056
20329
22647
26363
4887
18876
28434
29870
20143
23845
1417
21882
31999
10323
18652
10022
5700
3558
28477
27893
24390
5076
10713
2601
2511
21004
26870
17862
14689
13402
9790
15256
16424
5003
10586
24183
10286
27089
31427
28618
23758
9833
30933
4170
2155
25722
17190
19977
31330
2369
28693
21426
10556
3435
16550
7442
9513
30146
18061
21719
3754
16140
12424
16280
25997
16688
12530
22550
17438
19867
12950
194
23196
3298
20417
28287
16106
24489
16283
12456
25735
18115
11702
31317
20672
5787
12264
4314
24356
31186
20054
913
10809
1833
20946
27757
28322
19559
23647
27983
482
4145
23197
20223
7130
2162
5536
20451
11174
10467
12045
21660
26293
26440
17254
20025
26155
29511
4746
20650
13187
8314
4475
28023
2169
14019
18788
9906
17959
7392
10203
3626
26478
4415
9315
25825
29335
25875
24373
20160
11834
28071
7488
28298
7519
8178
17774
32271
1764
2669
17193
13986
3103
8481
29214
7628
4803
4100
30528
2626
1544
1925
11024
29973
13062
14182
31004
27433
17506
27594
22726
13032
8493
143
17223
31287
13065
7901
19188
8361
22414
30975
14271
29171
236
30834
19712
25761
18897
4668
7286
12551
141
13695
2696
21625
28020
2126
26577
21695
22659
26303
17372
22467
4679
22594
23852
25485
1019
28465
21120
23153
2801
18088
31061
1927
9011
4758
32171
20316
9577
30228
12044
22759
7165
5110
7883
17087
29566
3488
29578
14475
25628
5630
31929
25424
28521
6903
14963
124
24597
3738
13262
10196
32526
1265
8261
6203
8117
5031
20327
29012
30772
6412
21154
21521
29791
14925
30189
21764
4941
20852
18663
13830
30901
17714
18959
17579
8366
13008
11478
1201
26059
6440
2304
12761
19358
2325
6478
5109
21114
14888
19802
22851
14461
22429
12994
27385
19406
6541
31112
28705
12836
32357
6073
29351
18824
14486
20557
23217
1627
9358
8527
13358
29338
23272
23870
29362
12897
13023
29618
10113
12718
18697
11586
24042
24424
24130
24230
4566
6560
8933
22297
29856
12054
16963
3585
29735
6655
16973
21458
14370
22533
2964
2608
2484
912
11636
10068
22849
4676
12939
2224
22143
23755
6512
22742
20176
21460
17826
3222
17871
31935
15206
31784
23851
17399
22280
22702
12194
12735
1638
26535
5557
1994
10177
25706
6963
10549
15882
301
14414
16642
19856
24856
13143
11463
27612
30878
20425
32679
1753
18444
28297
12674
10041
9314
876
20073
12819
611
1018
14933
28113
30696
13170
23832
20041
26489
28686
19091
19498
2590
25991
15146
19354
19315
26741
22045
11259
336
8760
11193
7606
25265
12182
28504
3830
23776
20609
29293
5998
17550
29557
25562
31628
6468
29542
26130
31241
27814
29175
20602
6078
20216
8684
8214
23993
5602
23393
15760
2671
26429
28028
4085
10076
18787
15499
24971
6288
23848
32605
504
21222
22664
5707
2364
22172
27490
18241
12165
25543
7620
20914
7592
6705
31819
9233
751
25206
4976
1540
304
11423
21099
11248
13585
13649
2972
17865
22914
11076
21546
28713
17547
18679
1770
15263
8520
28290
15945
2866
18541
23246
25509
28319
27871
9602
28324
21133
24473
27153
25088
28571
29764
29902
17104
14424
3528
11601
26970
14016
5566
29
21544
25348
2089
2944
12638
22410
26464
5050
4682
1589
11343
609
32061
1759
29955
20889
14147
691
7950
12844
21431
25621
749
27068
4537
20784
18036
32227
15186
7039
9854
25630
11225
15749
19924
3360
32258
24767
4945
14956
23319
32727
25412
21026
20356
31002
9497
18585
9516
17965
23343
8076
17914
16143
31197
21949
25073
20427
14607
26174
24430
32405
6706
20627
29813
19376
30094
16566
16037
14737
29142
30815
5995
8257
6653
23937
30839
20483
1356
21016
1132
18231
17842
14626
2012
32638
4187
19691
1651
5663
21635
10894
10354
21417
13453
14009
7263
22234
5455
16304
16635
26304
14257
149
11125
12318
4214
27110
24029
29201
21081
21319
16859
24051
24156
31362
15265
11904
3677
29644
26910
14903
3562
28490
24949
1283
13654
30675
2221
5403
6924
3832
19370
3879
20260
19009
22620
23972
30004
21946
9782
26505
12393
32686
25314
6699
5590
12723
5939
19038
6411
31462
6235
12509
3960
6494
1516
25270
24938
28870
59
14701
13972
26265
15118
16216
24556
7816
18331
3040
30213
29289
28083
1955
16086
20711
24775
8381
29816
25952
6542
18116
1680
17111
25899
23074
789
23978
18133
29957
28690
26114
10009
12942
15791
1724
21364
25185
24779
7201
5072
1886
21975
1072
11334
22868
26154
14296
32169
20826
9677
15630
28651
2599
3310
4694
4687
30081
10117
12250
26668
1529
26680
7865
29422
8406
8827
6817
7517
27727
28667
29088
27682
19965
1341
5687
6022
11663
14722
6065
29310
20416
17903
29874
17125
23942
32746
31763
28424
27532
4807
12269
9319
5603
31908
24308
23482
1013
21137
26631
24115
26810
23557
12291
21294
29997
29153
1055
25346
14709
249
7492
13713
5132
30115
16440
24723
29705
6996
1053
7480
18239
26424
27919
10867
17660
32499
28487
21197
7463
26634
12159
12023
1147
18393
13038
3926
10648
29459
6603
30808
4099
27831
14601
7279
20800
18353
20449
13883
541
28316
4576
8763
9568
22337
18398
31419
19898
25829
13852
26817
24231
4450
16926
659
230
24521
10941
29561
15148
25163
20676
793
22362
31755
16399
23147
8715
26947
21189
19570
8639
27664
15076
24516
11522
476
15616
20529
13235
12571
906
9465
19558
28963
14162
30525
12550
17470
331
31924
28351
14334
22926
10911
19738
16337
18338
1279
12394
7637
30715
28165
31592
19950
19136
2506
13338
10005
16338
2624
28665
9971
25609
30569
19282
7086
9153
18374
28653
8195
9877
23827
28397
7573
6250
14641
18820
944
32612
1942
20290
8420
3806
7586
16217
31451
1616
2610
11065
9167
16894
16075
13510
30301
19696
9574
15590
13162
31173
17969
27359
26032
26269
19427
28511
10423
30775
8780
30911
23553
4183
25392
15496
5765
875
1365
28256
4461
475
6973
26822
26123
21578
25606
30196
27595
7951
16344
755
2482
11673
23440
13429
5913
9763
5968
24409
4416
1909
17224
11760
26435
5205
29487
4320
959
5946
26807
8167
18701
11368
17693
21788
28533
30557
3448
18284
26223
29332
2377
28584
26949
12724
17983
22019
14777
9221
32183
23857
19491
8926
4325
6487
19678
15970
11644
7535
15678
22669
31069
21992
32197
7784
16829
7728
29427
15872
10698
17613
18704
11028
11409
5546
9509
7186
30239
24238
26444
21314
22502
8851
25129
2112
23651
28150
1455
15870
682
27466
20268
19794
18635
25473
20973
22831
24902
28443
5178
13878
25771
703
14365
1382
16591
8824
2238
8024
32180
16596
20170
2328
12043
31311
28183
11059
7927
9488
1671
32529
5652
2259
7214
9861
25784
21287
2743
8611
4473
7129
18435
5842
20719
3504
14868
24866
10939
1882
9258
22751
28615
18599
28459
2662
26064
32757
20808
20279
19490
19436
6366
32076
7587
1387
7834
13331
26049
8929
29493
12434
23841
6767
1736
19811
11600
11838
21893
31983
7329
29353
11370
31245
21795
6609
9253
11648
17433
9536
7209
3265
3498
23244
27650
22016
26842
190
16101
19813
30649
9524
19852
24475
28634
29892
27201
19855
9991
25698
4920
17781
22579
12932
32545
3341
13488
900
22526
8484
5539
7493
6194
28253
25012
1561
15835
1841
31498
2786
18530
31541
18806
28792
13393
13211
13550
21579
26980
30972
9278
74
20194
1621
21498
13827
31277
19791
6583
13579
11160
20419
26490
160
3450
12925
9073
10381
27009
27968
10209
18504
15371
32608
14197
12075
13723
12612
19020
28762
11057
12891
31164
16684
13717
19933
25453
2742
4955
6814
2863
10397
15461
20616
10905
2600
20137
4681
9199
27033
14388
32585
7241
3518
17007
8671
242
18883
25250
3524
31759
12106
29622
17096
7297
9917
15679
10179
13580
25059
27578
12751
14008
23730
24082
2679
24677
20900
11785
15566
13609
6173
11244
29930
7515
10169
5056
11192
5974
8923
6749
10987
2145
16447
31578
26518
14630
29917
5875
15792
15470
22913
8147
30694
9092
9816
26950
26858
20641
26053
237
8552
31227
28163
16956
23184
8395
30181
16098
3066
27066
2514
9262
12579
21079
16879
14141
4612
31948
2446
171
29976
13490
24751
6150
3334
13866
22215
17283
27008
8897
16368
28523
4883
31811
17642
7232
2188
6480
6322
6539
31352
19448
24209
9647
22277
25760
30190
30423
27667
8487
3456
2029
29615
4861
29254
11778
31349
12504
10862
22432
29083
14198
22107
8753
15822
17297
26282
26022
24456
15948
27125
18319
9136
11377
1775
29860
24999
9254
6923
10636
1644
28889
8154
13233
4748
28681
19927
25679
6451
14802
24962
14200
20856
26364
5717
10574
31562
6474
28275
1551
24354
1182
4288
2700
18111
18644
17466
7173
2530
9982
2113
13477
4382
8248
26891
16672
8806
32373
30033
3990
9321
23166
15432
9659
11294
17207
26579
16949
2207
27172
18167
3397
16698
31021
23695
15530
14789
30110
17985
11970
28979
21618
4016
16627
3685
9169
17907
25929
12098
28119
24391
15200
11786
14487
19200
12421
18272
15814
27416
6086
319
3581
1332
7268
8388
13445
23187
14508
4361
17828
28075
26432
7153
30272
10269
19886
338
31312
17605
12678
407
7769
29023
19414
5001
543
17538
30039
21389
7356
13290
31648
3182
13094
16585
10988
10762
20494
8218
9502
17483
29448
15666
10754
22105
15085
19096
13526
30222
3965
21782
4873
8107
3657
3344
27081
16081
14869
21412
13714
20969
3252
27217
12080
28769
17041
31532
12934
23780
20664
12260
26654
27937
2096
24366
11875
7721
26836
25681
8977
18456
5726
4072
24809
13560
9157
17833
7906
10441
7376
21563
22886
21963
1837
10798
31203
10509
10081
5341
12077
9059
31494
7741
8547
20475
24774
19098
8881
23336
11073
23401
708
22956
20667
4142
23589
12482
17169
19397
16226
1010
22013
18137
11456
25044
743
22
17923
24513
9249
26019
27369
23718
9715
17651
3336
12760
3170
21896
5304
22641
21980
24200
29106
24792
18662
8682
3653
8754
24034
32030
15988
7043
26254
20084
11421
15815
32719
12245
31064
7230
20653
18865
4770
30471
15006
21048
1595
21488
24327
3277
21324
7680
23991
32589
24711
29272
17946
29222
28471
20184
23590
23956
4979
24780
5007
13263
20136
23488
27197
29034
12936
19780
15994
14791
24963
18966
11002
19106
11808
24568
2670
3135
32672
1458
12999
3546
13598
14219
8839
14845
7373
8564
21029
29265
28802
14724
13491
7605
31602
24228
11198
23693
19772
20364
29302
22364
7722
3566
23446
18611
496
16742
15023
31813
29152
23016
8056
3394
8739
15280
19883
1609
12655
3823
32708
24246
1339
145
22291
31340
23155
24605
4624
22226
20079
31982
2331
29734
28224
20595
29131
18847
4988
29446
8617
5751
20490
27339
21964
28136
14698
21631
23225
26738
31921
27373
10294
3856
6735
9562
31057
27607
8185
7076
28383
14120
6742
30433
24685
12780
12280
20668
24126
24119
12738
18029
32120
20578
10738
14092
22796
16061
21902
8794
3433
2137
4581
14876
5908
21185
8720
26791
20477
30042
3352
8330
16291
22975
23073
3592
12190
15788
31491
3240
3054
17064
10682
25904
27006
24177
18480
1696
6140
32469
13999
21084
23640
29516
27622
29994
15827
15723
23839
24829
12582
24400
8979
11892
1024
26944
24835
14244
7350
2703
8708
20503
25142
10688
8347
15892
24638
18414
11401
22817
31691
13163
8936
29127
19411
19878
11383
26261
27190
26706
13875
2664
20723
32196
22567
16361
7812
28246
9468
32426
26868
13190
10543
13064
21548
30503
9100
25024
17227
31204
30049
21052
1571
8637
9459
25968
8457
9406
11532
29963
26820
7976
10557
7532
31496
8045
30592
26804
3389
18916
7451
12320
6273
25792
29384
10134
1776
24643
23570
18301
17955
12079
3586
2258
25334
894
10491
10104
4751
17234
10723
24272
19612
18991
30339
21642
23259
19048
2353
480
25303
32684
10003
15569
4423
16896
6136
18009
12362
16743
22195
23700
23189
20179
4043
31358
1848
7470
16346
4381
31914
14965
25711
20062
25386
20074
27505
9463
32704
28103
11070
5155
3530
31553
32075
19150
3731
2245
10845
13050
14119
24066
19553
28774
18471
29732
6748
7512
5870
14399
10499
7104
27353
25680
28054
13044
14523
31089
1564
25835
9851
17023
21912
9493
28581
15478
27617
29877
19179
5221
14616
22349
26799
31636
16858
2884
1663
18903
28263
19421
19771
19023
9274
25842
12687
3918
31718
1893
13699
11268
11750
66
10390
6933
25620
16082
2004
13029
18632
14590
18631
19173
19865
6408
12296
25429
29682
18491
26611
26178
31072
25237
6460
20644
16841
27634
27038
23894
22631
20275
28783
32204
17462
8291
19663
22308
20998
31152
18424
8891
16718
6641
5567
4884
23662
22660
18246
20387
32652
32766
19602
17210
1498
27284
29251
18059
8422
176
30582
26788
3272
28000
12505
24980
2139
10701
531
2462
12119
206
7541
18829
24460
11623
3761
27099
10482
30615
19568
18494
28597
19162
7747
10539
7671
20539
21477
21556
24918
16372
16761
5753
13759
15434
32256
29066
727
2402
3035
10394
30549
27274
18793
16194
30138
3691
28212
24669
32628
7499
990
15249
3880
11150
30932
670
30876
25599
25450
25437
24600
20124
1444
1732
18155
22862
4435
9386
23968
10817
11394
16705
29867
30954
30309
18685
30793
22668
10049
32470
13931
30812
19815
16091
5428
23744
1605
10600
16475
7196
507
5159
17590
9859
27810
17890
11448
41
3819
9365
17976
27
25090
2504
30067
26413
6841
14677
25396
28642
29987
17652
21110
8188
21086
23391
31251
18687
4756
11382
28129
25503
24278
30863
26425
3873
833
30886
14429
6647
20890
6479
10884
24926
21266
31261
5046
20779
5822
13856
2521
12928
25135
27252
22676
13337
16335
21002
2738
9311
5975
7591
20357
32081
10936
32146
1826
18719
13574
4713
4999
7163
1718
8693
19540
28048
10947
19104
30232
24116
840
25859
20830
2646
3395
17200
19646
14273
676
21863
32073
13774
2481
11239
26898
3543
29609
19204
23278
6126
20135
1402
9079
18383
20737
27479
17940
21139
18722
10664
1678
21576
6725
25982
27701
7962
28863
16003
18449
25096
685
24017
15138
9508
13994
21285
2945
30260
822
7059
24644
17669
10678
120
29858
23042
8892
1624
6916
8073
17930
842
4716
17616
12537
14958
27760
701
5094
24242
11830
12449
5228
11799
16225
10325
12275
18134
15039
12171
6863
32630
5085
11910
14879
27086
29401
23025
14194
23106
9413
15766
5768
15408
13785
705
9835
10892
622
18086
27735
25191
20543
17999
22087
32019
15622
30425
22598
21377
24255
29670
18109
12494
26069
6367
9103
2439
12601
10820
14319
2291
14985
16340
2557
25809
4633
21479
26815
13788
7240
25021
10828
2555
1989
16799
13643
19003
16322
30105
13947
7057
18510
29834
17709
19762
6534
20687
14805
26386
10143
18843
17261
22162
31621
4344
9579
1188
114
4592
5935
657
29762
25013
28412
11960
16252
18739
13371
26125
5508
8008
17585
10952
23102
14490
24959
15442
1791
17014
30413
14856
21061
7094
8473
25403
32677
13544
7374
6267
27652
15276
21529
533
5470
32504
32730
17108
2452
17954
28393
22571
13520
19473
23408
22495
9506
28441
20384
14263
21410
28608
18039
5472
11172
20655
29948
11515
14524
21230
490
17888
29757
26633
7471
25740
8523
7284
8161
17554
24706
27092
1260
25387
31688
4630
43
28318
22046
12357
13389
3155
30467
27761
26920
25632
6739
21268
25777
24315
16321
13054
24008
16470
24217
9723
19843
29008
15464
30948
13794
28631
18718
23044
31377
25315
17118
1335
20621
14172
26793
8965
19155
18867
14694
30665
13001
12213
21101
7552
25477
6380
10944
17878
3790
362
11386
8273
11435
15145
29562
25564
14505
12947
23889
20309
12158
1431
5124
6465
4075
4347
13838
1982
25319
26612
16293
17592
3833
27124
6462
16992
27331
28499
17370
17292
8401
14180
24118
2318
19915
1596
1442
5937
21868
7029
31454
27910
13974
17982
11504
26570
1884
25368
5386
28403
5231
17158
28682
15568
8311
1867
3688
13172
3478
31246
32765
6239
27672
2048
26116
4593
27312
32658
1406
7172
22741
22531
13676
24321
25791
13378
10999
16587
21605
4490
19632
29745
8389
18260
5928
14610
28120
21480
22717
6301
21397
16854
11459
20831
24594
30807
29850
14855
26161
12295
12055
26334
147
4230
10472
10429
10560
22242
22689
16367
12034
26686
2271
25330
32262
22861
2209
8983
22163
32507
6879
11980
1898
7888
14470
30784
17541
7267
18634
24558
26135
32054
18136
12259
2594
17844
21694
16467
22952
18141
11095
12938
5175
2513
6098
9552
21818
23493
21293
20238
27531
614
25297
21711
32390
5629
5810
28787
31745
18841
8183
28570
6121
27394
6293
14215
12528
26808
13195
8706
14714
7012
18914
6694
19665
26204
28996
17763
14382
29910
1049
21769
26625
22512
7955
4236
1128
14634
28241
1863
15128
23818
2341
15101
28401
6559
16431
5832
21296
3538
15624
2928
28030
30212
16212
11755
26881
12254
3294
21322
20786
26529
10444
31001
24672
9271
7453
9376
14632
13641
8935
18041
7987
28835
14249
28766
12797
10313
25053
30732
23988
32558
20171
5451
27183
7302
13294
24100
23333
19045
32332
76
31005
19051
15027
14067
11739
19624
13844
442
3381
7919
3660
1364
12629
6330
1089
28855
8614
18570
667
27838
3403
23116
23293
2873
29449
30324
11154
15949
24396
25198
4509
22909
17412
7666
26782
3203
17611
27257
27706
8966
18024
20770
11716
20254
31806
23685
29479
21841
834
19286
26901
10969
23995
16634
13886
349
18282
18033
16257
29911
10873
23902
12307
17861
32472
29528
7138
8344
9769
28234
3996
29172
7604
28943
18012
7880
31035
14513
23235
10259
21927
5907
5192
14444
6189
32720
26485
5225
19094
30436
13225
28095
3583
8868
8628
22006
11147
32687
16590
20541
18238
18760
28957
32678
2404
28043
15812
5226
21144
21596
21017
26616
28805
21007
28369
31642
30336
699
1326
28314
28024
22313
24619
18458
18397
8340
21087
32095
7847
27044
31523
12912
16281
23456
26359
26848
28871
991
3874
4328
3414
3455
31897
12473
24451
17242
4642
5647
23526
28214
16825
8696
25404
12595
7994
26068
22188
4641
25080
10042
18126
12535
23001
4908
32622
27693
25294
5118
7718
20404
3944
17894
10640
26926
19979
10749
2851
22893
26445
10655
23624
12037
31548
21347
827
16062
3905
10239
17572
26887
16406
5300
22057
11729
1268
3752
2020
19992
5718
25847
17094
3188
1422
6868
28300
32445
29898
1202
3329
24943
7105
1769
29769
26642
16297
11263
10721
21245
9626
21220
18175
10985
10460
13150
17015
5696
5033
1538
8364
4652
1220
24291
25918
21684
31919
26585
27253
3587
31270
26249
12138
2398
425
23169
20028
28149
31994
10383
27670
20878
1015
19105
485
11496
26812
1294
28893
6799
1991
11300
14891
8494
29075
1550
13775
20174
24070
29219
26866
16834
15239
19912
13253
6464
6509
25150
23089
12246
6232
10107
19272
12369
6422
15259
4158
9648
4983
24123
17724
907
18707
10190
11157
30346
12352
7119
31551
2098
11837
10592
13407
4511
25814
14652
25881
27845
24744
7742
11246
14579
4950
21706
24515
19786
9228
8625
17205
28357
23918
6228
556
10103
14287
19469
11699
8980
12490
10759
30776
28411
17133
27090
27297
11951
23113
20123
7673
25837
18278
5554
13977
10671
9086
32653
1752
30398
19752
29002
436
16694
15073
17917
6717
25329
1512
32126
11839
18940
11545
1057
12827
12903
26759
24589
12022
22587
14109
29778
26948
1281
13246
14063
10427
4720
29092
4048
13786
23232
7407
8685
21955
16770
14710
27957
22422
15946
13466
16017
21861
16498
18336
5191
5678
28050
21006
7887
23389
18676
13144
17378
10131
28488
26556
22483
25254
15001
27755
290
32489
25216
12009
941
27800
2998
9708
8455
305
8238
10486
12500
29614
32613
18683
12984
15352
16130
17138
5034
16601
31865
23684
11858
8969
1711
21969
31709
2642
27733
12438
11685
32500
32702
29257
19693
7641
12088
15013
13811
5821
14836
1664
10616
25898
18678
2775
10135
27554
19534
28879
2287
25625
2735
18076
15350
30713
26985
30625
27793
6505
28823
4056
463
24474
20085
24161
31123
26054
19398
11823
19751
21338
13918
4007
4932
22198
27506
29237
10358
6600
28291
1899
986
21448
1085
593
18726
8997
15339
17343
29796
30743
30038
5507
6768
5054
9794
28506
24147
3610
13925
29466
12240
26207
24210
15493
16500
18176
31037
23062
13648
15619
25014
26728
15713
27897
21910
27842
20131
9091
9035
7916
6287
1345
32737
22038
5417
5894
1950
22778
26201
14591
28326
17119
25669
10007
9730
24009
14542
226
15537
11981
717
15385
28748
6205
7524
26365
1412
16041
251
11505
23484
21767
16142
10846
10507
9089
23257
25108
8267
5858
22679
12675
14156
25192
8991
29833
30859
10997
8918
3968
1708
8235
28247
19403
8240
3427
30907
8315
10351
4587
5280
17777
25823
6880
32302
15813
5677
3165
7358
32571
24313
10145
16562
28181
18201
30644
21857
18062
2648
5940
19809
9291
17453
980
32619
21420
22285
24548
29978
15676
18614
18710
13372
28643
6337
21502
26035
18130
21359
1437
28470
22898
28505
4799
4203
1239
15033
20066
12517
14482
15580
9024
1728
1772
31314
6141
24817
28489
15320
5514
32272
23284
4365
27039
3013
3185
21760
23502
9575
28734
5060
27715
6596
24542
15378
566
19892
139
13311
20968
15056
27225
18223
27442
6649
26805
27835
19369
31442
8873
32669
19975
19177
5138
20634
3242
5746
18019
31016
19253
847
8957
25525
6967
15582
8145
32241
15297
11877
25028
1206
2019
4292
16192
22472
6260
23701
20218
2017
1944
14625
17065
31506
1158
31503
7667
9276
32047
17633
29790
6047
2146
6004
13153
31902
8327
29154
19650
30351
10406
24347
1026
28971
14337
4796
5533
28857
15897
3211
5693
14551
15291
13796
13853
17351
8316
10037
9985
8730
2535
6051
16807
1937
25585
10791
29183
19067
23117
6389
9426
13102
5611
19983
28622
5194
16755
4594
14896
20281
5639
25168
17421
4346
16884
23866
24697
10391
22633
20190
17840
13818
22130
6754
10680
10601
8253
19862
2152
28964
7814
14908
29555
31477
618
11212
25430
2265
15967
19532
29943
10699
19523
31156
27588
15258
23159
4465
13763
8511
30947
31066
13166
5947
13541
27298
8043
14465
23195
12585
10271
32716
32201
1207
32107
31303
8834
7612
19068
416
6646
30176
6355
23449
24920
13080
27989
26322
7593
31598
8653
72
14123
26860
7998
11000
1900
4121
1321
32037
16985
4913
1916
23954
19486
20742
10200
11568
4209
6845
30170
4880
21109
17208
5260
25707
23850
24076
28027
20125
27608
17775
2885
20129
24547
3146
20482
11715
20150
24169
13339
20308
26794
23505
1106
1698
18218
15956
2344
26134
32098
680
19556
25634
931
10253
19905
20280
12489
24871
26073
32177
26702
15416
18087
4232
17481
19976
30261
20515
8939
16658
14991
19439
28982
15448
5243
16071
24062
27220
28782
20991
12834
8673
21303
503
26929
30722
24899
31448
10946
28407
2223
8687
5795
23578
12845
18684
13241
486
16465
31724
20338
16654
27169
28131
1467
4859
22513
29657
3319
13202
21277
31507
10685
15024
30271
26313
8251
13476
20312
26851
19196
5489
11521
26102
24799
18849
6785
30246
12188
14463
28344
18259
16860
8872
14017
8173
22833
24442
17684
16089
18517
18299
40
31284
3206
19998
29147
5770
23676
918
9388
15021
6031
17443
21736
20374
3481
12074
10778
787
8382
31786
523
18346
20980
15714
30936
19736
30884
2187
16097
20649
2086
14753
522
9261
21983
6637
7689
19920
17237
19279
4199
31497
26387
21012
10977
7548
12122
23203
7246
6703
28565
31540
2573
2371
21921
31655
19360
11081
7299
23392
23961
30511
29592
25868
22034
1676
12137
30500
17776
14377
31257
20273
20704
5087
23543
23496
3567
18457
14187
8438
19199
12627
18365
1086
31666
18909
20341
1361
2815
21155
18013
19753
3339
8707
12526
30631
29250
23180
3080
28839
32518
14146
5992
1970
21840
24309
23763
19474
23682
21971
23148
27054
22709
16716
4430
31067
27690
14664
11772
5542
16260
23573
2515
10967
25989
18171
28169
22200
656
3851
12937
16279
19407
29428
10314
32372
23328
17074
23462
2174
9935
31103
25588
31418
31464
6154
26127
20596
1496
2407
27371
23860
23306
22497
24834
24224
4853
17880
30520
6127
7794
31586
21466
31372
15445
17272
24088
28100
8597
5716
17553
22493
14754
8258
27591
24960
10887
7810
5866
25687
32020
260
22314
2436
1029
4102
10469
22870
457
6732
7579
26075
11396
30844
31275
13317
15025
30512
18586
5723
8972
10058
14096
8175
5039
2184
26659
17296
25723
16984
29504
2233
24301
15591
21481
17409
15506
22859
9819
10558
15562
24121
5029
23657
25714
3333
23093
17183
26468
11321
7359
21075
3988
9095
4984
21365
27265
19715
26747
10426
26256
13164
31468
5793
14232
2881
4719
16129
19949
4721
9080
32092
3767
5809
12127
14826
31160
17519
3221
10036
31315
25457
24148
29157
30135
3361
752
16209
31479
22295
12590
17525
7977
9695
4091
29373
7420
30302
21703
24845
20524
26540
20610
11828
6638
8187
27417
1828
15170
17624
14900
22515
10416
3645
23670
10379
31677
17859
7953
9847
27138
5916
22989
24617
7289
2383
20334
3916
25657
30063
9617
24525
12130
27443
1985
7050
23397
18027
8583
18776
30666
14553
12756
11418
22845
3555
19444
6825
32000
28423
122
15734
31414
19918
15794
21874
12061
31176
9075
5986
32502
31623
13209
27396
11027
26721
26292
31989
10930
30978
10194
9
12255
923
30877
30817
13804
21091
7913
12290
29980
7300
12323
22903
27603
6370
30655
12730
9735
12439
5227
16464
28135
22973
24349
16454
2308
25519
18334
27438
20696
13180
662
23145
10962
21908
6577
13473
20646
3593
629
24197
6812
15536
15836
1230
3717
23533
24957
16159
29750
24621
23297
19725
13121
24527
16407
8984
3446
30575
21692
26589
30539
20665
18105
20354
2943
17005
30624
14853
15626
17612
27843
8725
31150
13591
10147
23856
27805
31742
16910
19382
29103
10084
693
10533
17313
26100
6162
11048
22406
17570
29960
32629
22140
21229
27581
21779
27441
22149
29445
24746
16126
7211
4699
25617
31181
24816
16227
29473
27480
19594
32483
3006
18537
15334
11106
30733
15639
31166
1065
14519
8400
17509
13897
13439
23979
22639
8246
4060
24170
745
27363
24770
11050
26519
16468
10559
32144
25604
9191
22187
1227
3604
21301
31769
424
31348
5397
4567
25231
21666
26153
32001
3618
29174
30787
10669
31580
26225
17729
23426
23268
19313
735
453
5170
29563
8212
29236
6891
1712
2065
28961
7546
14768
21755
30788
24566
10274
2816
27580
30838
9389
19270
11887
13831
10810
7322
18320
29882
31627
13021
20455
25894
21985
2358
23000
30337
18830
5951
32406
10366
2335
30050
19095
28593
31271
30120
23018
29314
15254
16118
4978
19161
21506
24592
6563
3577
4855
11135
23017
25051
9194
1853
20748
32522
8062
6345
28367
2886
14440
2719
9108
5269
32051
7433
13800
32021
16736
31099
2793
3917
26183
19030
25317
3060
4584
22400
1136
8358
20071
15272
22343
30407
28296
17687
15719
23036
28429
16679
25961
102
20950
2365
27627
4842
18939
11594
17097
31034
4494
27874
29936
19110
30097
20382
21562
5585
25924
28500
16732
11850
25443
8607
6851
28288
26041
22770
9224
12084
3401
11159
15607
16939
19464
20921
18367
15759
19686
20230
19299
29357
5471
23176
1684
9989
2947
32191
8276
2470
25520
14342
26198
8546
1655
7159
14059
23792
13342
24838
28901
12676
19737
17439
9959
30581
15014
5285
5254
20728
30286
2427
19671
14537
3282
23371
6550
1349
9078
26200
16836
3574
28138
8352
28732
27618
5234
30572
27377
25530
17732
11045
20343
30001
7529
30917
12635
5000
17758
29241
582
13624
15942
7132
15750
9300
25576
14364
14727
202
6425
24084
7390
20736
22025
18896
6171
11484
28718
28753
11325
19774
27741
18256
4469
22071
16844
10031
15757
10766
3115
2981
1459
12359
8125
6009
25312
6668
21718
15929
17591
31100
13871
2991
25413
14001
18065
28276
19683
17912
20107
9869
8645
16437
17367
11593
24989
18839
15866
27213
23948
7447
19660
5772
21257
11111
32058
10667
26251
12671
13146
31149
25775
7044
9430
5537
6764
20017
21859
23935
2062
32656
3816
21175
30583
10140
12083
14025
20901
1576
19338
15377
11301
19425
15865
18526
18630
22852
29789
30795
21707
16072
6491
31885
14820
19980
27196
16808
846
15375
21157
14821
9767
27223
22958
554
26272
6956
9390
27626
8030
3129
2040
1528
20395
8491
29649
28055
5518
24193
32531
12619
3149
24057
22991
2283
29744
21302
21494
1928
270
30394
21034
8432
19027
5843
19081
18617
4962
15908
5921
22167
30122
27783
2783
27007
6492
31871
22196
11764
23593
14936
19218
5882
13468
26722
16953
17323
1829
430
21425
17700
14154
22152
31795
5042
8384
8721
30145
30389
14078
18214
5203
8659
23754
22250
5059
16576
8091
24639
6824
31396
24702
17206
11559
3124
24288
1042
14027
2531
6210
936
12532
25675
8101
23072
15010
6431
22795
28623
11737
5016
2453
26755
9783
17934
25189
17856
11961
9924
30543
14660
30488
5944
15348
21390
31669
21789
3199
12281
1814
6861
29847
7272
12345
16449
25637
12354
7550
13889
2824
11826
9252
6191
7640
3363
5776
17625
14079
4986
378
26351
6049
18495
20217
29727
16039
29916
28673
15863
27668
11129
14330
24083
5390
24987
12736
2141
18667
13633
13486
15823
20004
5162
11897
26142
2151
28433
5873
32362
4771
32314
27166
25646
8121
1811
32129
25971
6622
3597
15005
8515
23211
32236
472
16345
11831
6383
27262
26396
27152
84
28711
2296
30015
20285
29906
25813
28022
6342
6576
17526
6612
22168
26983
5784
23388
28794
28051
19680
18269
30885
20336
12461
24106
21512
24993
27825
27551
7017
8061
30760
2924
68
7301
27226
19141
31656
1808
14450
8492
18761
24383
4837
30220
1726
5520
4810
16702
6632
8325
25808
12726
22302
30284
3970
21165
13964
24125
27771
2852
13998
23725
29512
20068
30266
20841
3380
24956
16029
1662
2433
18228
30161
32667
22238
32049
24849
24405
7049
25566
28222
22134
13176
6242
32515
12148
17363
23955
29677
21659
1722
20785
10689
16117
30857
26430
24538
13630
18390
9844
7005
20102
29385
12921
31988
5137
29053
7583
1473
29194
26959
4180
28984
5988
10824
398
11097
16595
8902
17654
14521
30504
21
1933
4954
10825
30058
2733
16967
25691
869
29927
22829
14145
29704
9450
18834
12004
22911
3241
21028
15611
528
15283
26394
17188
7864
23962
2566
28600
19252
27319
12082
3559
28104
6359
7179
17465
17458
6573
7222
16923
25757
10868
21261
9299
25344
5235
24020
25353
8412
16812
21794
17406
6882
3652
17899
21272
15843
5695
21536
16501
10956
20324
651
6689
4011
26018
14949
31211
3496
26420
14649
4190
10172
15852
3696
11224
3638
16650
15801
24408
17178
14813
20642
25305
4497
23163
12538
18552
25852
31566
27446
14527
2179
15746
6929
4206
15150
5313
9402
25200
24728
32693
22354
27796
26543
22568
27150
12377
14256
26743
16749
30104
22816
14048
11074
28966
4750
138
32170
14332
7971
8769
28053
13179
24982
12696
17587
13930
732
4279
17860
5090
31959
20239
7055
27973
24172
18148
8504
19512
32175
28820
26108
12206
22600
29046
24436
5733
30077
404
18368
18900
21055
10168
19213
26115
30130
5794
11978
29855
6832
14890
23327
32648
2490
29675
6613
24388
11958
15504
19492
10483
2830
27028
13362
953
8497
15184
15598
11555
25033
18103
28225
9082
31624
27633
22603
15370
3283
19990
14438
21600
36
3180
19655
24653
23400
30133
28946
5294
21872
2650
22591
29205
32178
5320
30529
20229
29669
8786
23775
19185
6652
18885
10916
15190
11682
19075
13760
5851
4547
29261
6428
9422
3162
27819
9547
21351
21264
16462
21847
23459
9595
27372
13503
8247
20421
25255
7954
15761
25420
28736
16617
20114
13336
29019
9266
9371
26526
12747
17645
19513
29483
5106
25727
23202
774
25307
3081
31594
24215
3224
2701
18850
2323
13286
6763
1269
21375
5153
23849
28639
22763
28238
1793
12201
26344
17520
7482
3371
8992
29146
19985
12715
30080
14387
27120
2651
30186
25517
28609
17889
9500
12426
26897
27770
25332
9815
11503
5971
19538
17599
31078
5399
6852
11889
14464
29054
3506
15742
29656
14082
9696
19619
26873
25095
2539
7122
1446
8244
12366
17136
16938
4600
31500
13193
30555
19125
32
28067
13819
21876
1693
13911
18362
13133
19729
30523
27278
31827
29349
17778
22339
15176
18945
140
19822
6341
3641
7967
29082
8149
17548
9952
12908
19552
3111
6558
27078
13010
21577
10541
26024
22575
15455
370
11907
32486
25000
28049
23931
574
25817
8885
20032
22605
9784
25423
8011
20988
32365
569
580
24024
25710
31658
29286
8478
14024
27273
8829
11436
12518
9010
27744
30868
1266
21591
12892
30370
1539
13777
32213
10992
12694
23410
11621
28198
22663
32760
10843
18441
10090
29495
22643
21487
6147
27965
11487
1272
30944
9467
21475
11789
17350
15828
30955
31505
14247
27286
16115
23674
14944
12313
3233
14884
13240
32590
21988
18796
1913
28640
4249
1480
13208
31231
3955
13941
2044
23413
14378
26624
11473
11984
3886
29687
18721
16258
14703
10607
12277
25925
10653
19036
1700
1891
13368
19607
11222
31521
24259
27685
21532
31783
32706
26163
15690
15924
30871
25343
9283
12181
19970
18716
16052
24737
11756
15175
18478
1155
24730
10883
19770
11238
28302
15677
13605
27074
24162
21198
8596
5486
15063
29230
27561
7719
29074
8080
8710
9663
10225
11575
7683
7476
28816
29344
27533
14569
32685
4362
5473
25287
6090
32152
4605
25595
9077
599
18605
23534
469
31185
2965
29617
11015
14997
16874
7149
16867
25590
4021
23356
28252
5082
31826
9229
31174
13455
10310
31239
13992
13740
24854
12568
17055
29878
22491
31198
19057
10774
30590
26863
27537
29430
12889
10540
17586
21842
4168
5521
11561
14582
30383
11990
26785
13404
21961
21463
8733
20393
26844
14064
16924
14612
24741
22444
22271
3920
28850
26113
20577
11846
2487
28604
16499
2509
12879
6724
22412
4194
23118
1228
4515
25291
20802
30340
16545
20237
20013
16275
5434
29741
24402
21136
30634
438
32135
28578
3672
8723
27264
24541
29369
10283
1849
20367
23291
3228
14459
32072
6306
25435
1771
9556
8508
4300
7731
4076
8804
21440
26195
22489
26674
27049
25359
2281
32488
19765
23714
24014
12453
24979
12705
28650
10378
22838
28538
19460
20433
20956
22106
20527
5938
1367
3915
23156
19291
6447
18183
19636
20094
3937
15847
21239
5457
24404
25600
6926
18075
12325
10345
29864
13750
29277
10598
14335
16648
22427
20044
3245
13593
17270
5176
31140
19482
14472
30269
16714
16031
10807
29060
31685
31104
607
392
2094
13197
20584
17951
17558
7436
13
10870
10166
1904
30974
27792
2517
4516
30119
24244
2498
27712
11092
18564
9126
7008
18371
15122
2659
24337
18276
1222
11577
1800
14242
28612
5713
30210
23636
23264
17831
3337
31033
3340
23706
14671
15941
28392
7729
26321
13125
30998
9355
5495
30563
17555
20701
32303
29715
31630
16795
21027
20464
529
31749
21352
20200
4
18443
19281
10017
15099
1731
8554
29552
23263
445
21650
7056
12573
12890
2859
130
8047
28628
5045
25937
7474
334
8757
11052
16535
23932
22323
27080
8203
11177
21581
13270
5389
3430
15886
22003
27611
16328
14275
5761
100
25043
3056
4929
24573
29285
28799
26202
31588
4089
1998
11653
19176
25751
10679
20894
10631
9532
10490
15166
4522
30128
9965
441
30390
22711
20489
13764
30321
8189
23822
17265
9755
14723
5855
6587
26426
9525
15819
27303
30121
32660
489
30683
18342
2575
6501
25567
5755
1553
851
1517
13227
23487
7738
28902
17902
22750
15968
30103
4266
31844
16711
14509
10185
18122
32491
24973
10519
2074
32354
1282
2663
27997
9452
29116
8805
21565
10505
12838
11454
16334
26922
31545
13258
89
6130
20298
27902
15344
5877
27501
15649
13614
254
9694
6333
27452
1815
31600
217
23213
6835
3850
32253
20913
10142
23210
27451
9181
4563
23366
25112
12818
11012
764
31322
32607
13346
31444
18665
14443
27445
15834
30737
6503
27560
11008
9007
31544
21130
2752
21071
17542
30060
22716
20945
22179
7659
5385
7739
30384
4639
13636
19783
32316
2022
22426
17753
9205
5447
19413
13005
8046
28826
1245
2550
26995
8530
20133
10
22317
2430
7762
9134
12931
10747
25284
30874
30440
21881
8836
24988
20571
7630
5561
29522
32190
30445
18622
10714
22335
17000
13138
25616
14165
32059
23512
6847
20944
32738
29832
28656
12252
24352
16053
24421
14361
29768
15274
8035
32134
9302
379
25388
27880
13501
6616
12710
24073
25062
19953
10971
22824
32538
22051
1611
12979
7162
4822
22299
16934
21073
7469
8704
12865
30846
1850
9051
28647
31143
22445
12156
26460
769
8886
9848
14536
28365
17634
19352
18626
31725
15347
3201
20839
3218
23625
14816
2345
8353
12020
6071
8920
24488
7031
22346
28045
31700
21686
16116
25322
28542
7805
25574
10734
11453
12230
2225
22160
9984
3846
13951
6827
8592
23214
22372
11987
14663
15191
21907
5419
21623
27720
29667
16219
1992
30960
9567
23280
30499
4868
21346
26104
17431
30021
6026
1535
31834
16236
10288
28394
3349
16625
11919
12801
17245
6432
9087
11509
21754
11598
23193
31122
2820
8908
29072
5023
20562
22053
5252
1524
26981
15062
28466
27524
12301
27954
24613
13683
23877
6158
5290
3293
1777
20843
19132
27661
8701
11639
2546
30930
30169
14142
20835
31634
23083
10001
14561
6142
16100
6834
29030
28828
27255
10320
5985
27111
24418
29398
8126
11411
28464
4691
4970
5345
14644
10156
12465
14538
5559
16912
29415
19948
9130
26588
14081
86
8765
7235
17077
13385
24848
20548
5556
10833
27428
25897
5860
15654
7702
28842
4405
15730
19216
30566
3651
25533
3084
29720
18297
24440
12239
5242
20804
6007
22621
32671
7850
19206
4525
25079
11788
12630
7899
19974
21003
24486
15064
22212
20067
18828
9584
3931
26566
8832
28236
11813
3257
15803
1449
6514
18498
27065
3216
12294
18419
16339
22425
71
11184
6346
9329
26060
7484
19222
31350
10924
15906
15848
2787
14410
10235
12501
1971
21158
5669
3857
4486
31023
4734
32736
11384
9828
24500
3062
22091
12101
26574
10907
6886
17246
13210
19982
20940
9700
30102
9408
31220
3085
11428
29356
25561
15453
24801
604
31689
6876
11570
16991
27844
29558
7858
11320
11876
24150
3947
10799
19468
26347
20510
30480
7982
23208
7720
32139
20771
32015
32511
12356
24233
5766
18619
31721
16238
28265
710
30704
12542
4302
17428
2911
19697
14825
19684
10641
19571
23536
20904
19446
27610
15415
26033
22918
11631
12433
24091
18462
133
6636
21518
26646
9322
1819
21806
4334
4722
15247
4971
15789
26395
31009
17228
5676
20051
14643
19255
30319
1391
18725
31366
14755
3172
14023
17268
22510
2411
11873
16553
15875
16978
13698
9942
12342
24969
25066
27322
18656
16728
26915
8284
2138
26550
1163
12883
14036
25136
8931
17521
29689
26635
25234
5604
17126
6123
12783
20761
17066
31931
5424
23323
4487
28909
14639
8632
1566
6427
4363
564
8379
14420
31852
8742
25316
13077
21169
30099
19588
20532
20553
26831
20782
3743
9119
2901
29701
24235
25607
10681
9791
17400
8169
19635
25456
7545
2445
30709
20801
25220
30519
16350
28948
7581
29300
21449
26120
29133
23341
9771
19298
21434
15141
2623
14546
5541
18251
21083
29248
17731
8397
28305
16332
28052
13140
6677
10144
17974
27117
27367
20434
10844
30673
21299
11472
8938
11262
12810
23587
17328
28442
9054
3324
5492
24598
7100
21824
27579
23994
15091
21654
21235
24248
32114
27423
10746
25975
23489
3023
23378
20806
2795
7647
13442
31090
21798
12067
6461
20392
30574
25466
26606
16397
27519
27945
17016
22894
19324
3570
1125
4219
25370
30473
27162
28016
27826
22730
1495
24038
24196
3831
5301
1702
10795
18562
13304
14993
13960
4949
19207
14614
28970
15640
19456
6562
2652
4411
16577
22540
27503
32225
3197
6850
13913
5715
5372
16809
18982
13157
23299
30150
30498
19467
27444
19449
26393
13532
10205
27295
1952
32582
31599
21846
246
31585
6101
14400
21568
32298
26010
8942
26232
4899
10975
760
31263
16146
13660
9325
768
3969
15928
2095
10850
31797
29543
17924
27397
5418
15412
17369
12049
15782
23834
10575
24689
21885
7669
2426
31845
30922
14961
31912
23923
19952
26701
10343
631
3426
10431
19452
17721
10199
28528
31481
24406
21383
21615
16613
3193
4010
14939
25006
26867
16667
32172
6965
27542
1936
12734
23252
10725
23077
15293
8160
30952
15597
9528
10808
12028
1921
10806
11128
29711
16584
9804
29484
21342
5636
22279
16435
4712
22230
8854
21931
5409
14731
21633
19142
15417
3064
18816
26510
17975
1742
21886
1409
30961
19749
23086
5779
8172
32506
27402
24797
4173
20732
8988
11671
3526
21728
13747
19689
5353
9198
20990
17896
399
4952
12019
19374
31720
23874
3069
25611
11860
27597
22840
17584
13519
9160
21519
6168
28167
29939
26227
7194
17883
27877
14558
3781
18555
3079
16869
24522
25674
31259
13420
14346
22217
25957
23240
23726
20422
8717
21763
28209
4739
25531
4606
3800
29570
32408
13254
27657
25786
30584
28349
18594
13363
5607
3667
6220
21672
26665
32600
24015
2915
3213
7508
22623
8328
20321
27000
19899
11272
18387
2193
8553
16218
32525
14989
694
15090
22415
12297
20269
1738
27746
11569
30826
29648
7238
29908
3671
4550
12547
19040
30013
26021
11432
32477
692
30526
2846
4417
7775
17057
6873
31737
1009
6897
30310
15133
32359
31789
30745
5
18520
4869
30175
7902
8362
4256
23967
26928
363
14781
28819
29729
23290
21714
4942
2797
12841
12136
15633
19583
1383
13251
12645
8853
32269
21895
10420
16783
27513
17437
16826
21053
25
5846
13297
23774
29759
4306
16678
21112
5282
11651
11571
21981
4254
32328
26360
5798
6119
17719
3778
16066
32153
30714
4372
26177
26875
30243
30242
30510
31249
2243
17149
32593
28537
15621
4618
9625
11782
12707
32351
12548
4459
1906
29982
26469
8415
15602
18295
1968
27046
10040
16164
9775
18445
31000
8081
26825
20450
14087
15675
1258
14186
31216
12276
2212
15038
8963
16592
30029
32662
13613
29697
16877
32101
19959
15172
24192
23249
32123
12699
22551
5759
5729
23743
7439
11861
11474
24478
11494
696
15405
17214
10033
5526
32296
5849
169
28085
28092
14839
19233
30338
23567
17263
18535
14695
6103
17012
10643
2270
3835
3548
9731
1504
31042
10412
14738
8118
16318
12000
12152
7539
6783
23455
1888
12013
3913
23838
22175
7092
30809
23719
1852
28278
25853
28231
8002
4729
3030
9922
15864
27328
9489
16715
30476
15083
27832
3840
12620
19648
19363
12407
24561
30906
12562
22721
24381
17442
6551
1340
21739
1006
2990
1483
25105
654
23381
3612
12607
23059
19788
32052
6328
11431
17623
10748
13408
24297
23715
7206
24950
15407
18811
12516
21936
31589
7786
18335
26914
29024
1477
9964
14178
15727
2923
11708
23530
9267
23628
19901
3249
17531
7758
21414
19097
17017
8093
26906
7252
31808
13731
27704
5548
4453
22256
14685
8536
595
7791
18037
10048
8506
10608
3279
4959
16282
17747
30300
14423
24593
6414
12809
24053
28042
27577
16925
10658
6709
23947
29959
2264
1628
17832
6442
32680
10638
26638
10910
31751
4655
28541
8828
19047
2140
25839
8082
899
19793
15222
18698
814
6207
352
4817
20195
16239
23989
422
15981
26967
11100
4757
2467
23669
9360
6396
27185
27929
15095
24333
21867
26459
15267
9464
17432
1287
13361
23167
28450
29123
25261
13884
22174
14967
15707
28947
2475
10709
23671
10821
22267
25070
21379
13928
23039
28885
13360
27768
11979
4031
20192
1445
2810
6041
32524
648
10151
15226
29383
22970
9741
16002
306
9527
31864
16980
22967
24479
5346
18887
24907
14721
5644
4443
25362
6818
10796
3710
8800
3796
28743
21253
21368
24141
18104
10856
16756
11053
16857
8446
32263
30651
10790
4706
19128
4448
14428
13504
1277
14266
6676
5247
19782
17804
25816
24264
22761
9317
13778
32534
21829
4785
22704
4445
30477
18375
32109
7536
4403
13936
4442
31787
3321
21415
21858
12913
32305
25497
17692
26707
28827
26217
27584
12134
4512
2306
29666
23207
19099
32419
17620
16792
10468
29935
26496
6976
29076
7695
5466
14763
17461
25683
30587
9123
3936
23949
31560
5120
5139
5467
11374
30751
9342
32094
28549
10407
14269
213
6066
6620
10128
18572
13115
18043
7751
32750
1729
31262
9978
28737
14026
1607
20466
13954
11627
31154
166
16546
31128
15781
32381
30184
11348
20724
29064
25545
14427
6441
21292
9030
29699
21599
14979
13728
12826
20461
26270
5181
12224
17348
6403
22166
15424
14056
28188
8808
18810
21331
6092
18112
9345
3076
17690
23206
26757
24725
11218
9857
21651
12089
24967
21068
15779
1174
3844
9049
5933
1577
29599
24336
19617
31858
10981
12167
21662
25492
13934
3930
24086
15251
892
23289
26289
24058
12560
6911
21291
21242
10265
30667
30075
26693
30149
24413
24893
20159
20043
2840
10164
6397
16251
29679
29109
13438
25304
18002
17042
9846
23631
5095
10401
8994
2055
5543
32570
8582
2644
21828
18202
4503
19024
12039
23835
4733
11457
11211
12594
4478
23793
6991
29409
2776
12070
31392
1836
4307
32174
21070
7574
11445
4196
23337
30396
25103
4317
16765
9949
25009
13773
7009
13791
29158
5048
832
29087
31697
7468
21815
15468
15606
5512
22384
24654
1440
4827
31943
11930
7441
13887
9048
22154
21606
4710
22972
26472
7243
2333
28843
32421
23226
30882
31719
16589
5352
17253
15858
20976
27431
11352
26103
26748
73
17291
13718
23761
10757
4093
7694
31200
17033
28874
7934
20445
18026
4001
22333
23023
9146
30054
17710
20896
9320
31635
7137
16245
28983
12491
3376
6547
25049
14566
18963
31169
3720
9983
8114
3288
32341
767
7634
30291
18322
637
17996
8057
6134
29567
58
25422
20462
26661
18917
3164
28739
23379
17335
9589
29500
471
14116
367
1466
15233
19875
19079
4338
16801
12849
27994
5959
16758
23672
19059
24683
26618
32707
25821
20205
19603
29198
32137
8644
29117
22979
32625
25116
12474
24720
24609
7783
4322
14617
10224
12713
11187
27171
4767
29043
269
10877
4663
19947
16982
11754
4705
10839
8598
4323
19596
8912
21116
388
31222
238
5579
1865
20567
1695
27932
9366
7185
2066
25107
12001
4390
8958
228
13687
7944
5036
3113
8232
17050
20402
21436
3547
27960
17577
21709
91
1165
598
19726
14108
5884
26416
2378
1095
25381
15356
25169
26935
384
8612
30317
18404
4201
13042
5661
1274
7190
22033
7224
7788
18179
30740
31504
11138
2464
22178
29802
10204
21914
15315
14100
22999
8104
16599
20118
24869
17375
30449
14107
8849
25927
30568
8236
15472
27206
2031
18921
16846
20760
20599
31043
22809
32278
2067
13506
27291
15312
29441
20018
30403
15544
20849
30227
20058
18864
25647
14669
3527
23387
12611
6340
10814
8359
28221
30438
8876
6373
4877
29391
31430
30556
26011
19078
14785
19276
3436
25977
14841
16049
191
32634
27324
25446
29004
27995
8087
3735
1453
5276
2542
1926
27202
4856
15305
22379
1392
13261
2726
22827
28126
29708
25848
15720
18615
9429
30314
8027
17728
21710
20566
23966
14474
18977
21751
8654
11954
15230
4510
5344
18601
18772
13612
8779
16189
1569
15003
17961
6969
12361
419
22386
4002
11620
22947
26614
16697
12390
6895
30805
31120
18628
30089
19296
23644
12748
7966
30285
15954
21793
12111
12198
498
4113
27731
11232
23035
28502
6439
20657
13266
27237
19925
30387
18973
20803
13653
25472
13581
10926
20381
16709
13600
28729
31832
27294
14659
5141
26888
78
29560
12960
10531
2677
26141
10639
4392
25861
10277
12329
26438
15386
4140
26729
28197
11305
14369
26397
12976
4814
1184
10392
3560
11774
28602
32208
22496
553
18836
19653
23172
18596
29721
7274
29468
31376
21164
11613
10475
13650
27931
24629
584
13834
3128
2046
25001
21986
31991
9773
3772
12794
11697
14374
22062
24909
30717
16740
828
13498
30579
19290
3773
5694
13000
7479
7367
29611
30643
29996
13568
3578
13855
28455
3993
29995
25046
2549
27884
11882
31976
4671
28848
22319
18099
21968
31595
3573
6068
30992
1790
26513
16813
8435
17576
21891
48
30991
6485
25644
29815
4565
11501
10299
23876
30371
14924
31052
28865
22678
23024
261
18765
12920
12856
298
15728
4666
10301
21889
14970
21814
20360
20457
25811
8429
3914
421
16883
3033
23267
16388
20632
31465
15381
30586
16703
9654
8595
28228
389
27955
17803
19169
27148
372
1138
7863
5321
27102
32556
4686
28087
13118
19764
10649
27933
18668
28954
31147
214
23595
15708
12076
3267
16730
18483
24509
1803
12495
22572
27956
29145
19225
16779
28102
30032
18741
8304
26560
18590
12271
26913
4789
21564
25542
19515
30045
22712
17376
18285
6259
27398
14395
12416
14097
27823
30397
8796
1144
27142
18389
2278
22373
30753
1397
4683
772
2586
19530
1448
3940
19616
25523
24243
14713
24708
13632
17455
7972
2210
25459
20926
25869
18965
29556
21290
19208
29324
10342
30635
21427
19787
18823
870
8259
26412
801
16805
24986
32363
22609
25923
29041
15938
27149
11161
11426
10091
31331
31889
20796
23639
29412
6656
10372
25101
27762
15718
13966
4540
19502
6424
23816
29410
10054
6003
4432
17090
29808
25536
10813
13628
8985
22756
30096
28886
10450
27239
29756
2416
5742
4610
16020
25828
14780
11344
8732
28752
5097
30980
15139
32307
12414
17782
28452
3470
8287
7278
26436
14800
15962
28585
11657
8374
15032
24253
7254
20037
7547
6165
7304
23953
25810
1934
20090
12243
21705
17941
12066
25806
29673
26827
29956
626
17157
27389
29647
23615
4414
28797
9727
22086
2182
27830
5257
4189
12717
839
20999
11916
17500
12223
6734
31469
17630
16917
19662
20791
18425
29742
10448
24348
21082
32383
2106
32404
3750
27391
15992
26546
3318
9346
7271
27987
21203
9096
30629
16256
32342
24814
15547
14279
4028
3904
4725
31687
15987
13366
11398
15869
17617
8345
20605
10880
16016
19373
26218
7327
14018
10181
19870
22537
15459
3701
15623
7275
28836
13915
27959
25900
22428
8593
3922
18044
32147
15829
27095
22219
10803
22944
29028
5404
31673
22686
9712
25067
7255
21355
9943
32644
1501
26151
15867
5210
24535
6399
17501
183
1917
6686
3254
24622
25249
16112
22044
27104
28117
29724
4286
15204
19713
27118
19085
15808
21105
10585
4373
10561
9088
2716
11946
25994
2622
26843
11466
29767
25071
1497
29968
4684
13461
1715
12445
9925
27726
1668
29773
14818
12219
29814
21380
10470
25087
5476
32725
4247
5188
13518
2072
17502
17236
12626
23274
9948
16007
17389
20918
1244
29339
32185
24958
24640
31095
32238
15391
24498
19461
28185
27492
16492
27941
7414
8499
22224
2791
23563
7126
4222
27996
29579
1755
29202
31524
23547
25688
30479
28213
8919
25685
20715
22357
14020
31459
6128
4731
17402
18827
12893
16025
24545
10756
14620
20289
12385
4422
21757
15636
30669
2200
1411
27214
10303
16235
10264
31075
22093
14882
12949
12041
27782
30703
30294
14021
4902
25979
22015
2008
6674
12069
18986
10765
27630
1119
30112
32323
20188
22943
14498
9189
30373
7614
8934
5349
22832
8551
7597
11660
9610
26030
4118
26325
23907
18190
1226
29739
4410
25240
8108
22630
19914
155
14051
15250
25795
13203
28009
18728
5708
21497
17943
14973
22651
15009
5820
5622
19484
728
13706
24645
18159
23376
2492
27935
18753
18984
20225
4987
13332
30754
26956
327
21597
12729
24252
28062
19481
17154
24028
16892
31810
5727
5135
864
6131
5722
31668
15018
3163
2051
3525
1216
17671
24712
6222
31681
2808
23667
3093
1883
24050
3107
2595
23325
6445
23260
30034
22957
20023
14606
21888
24758
28447
4921
26298
19130
26975
21860
20865
20480
15473
10409
3818
19664
22223
21184
22455
19465
6848
28804
32664
11992
8293
955
1031
18250
21376
1426
22292
163
12772
9538
17141
6889
30355
5364
3637
3462
2520
8514
1107
23751
13705
641
3466
46
5307
31127
27558
1547
31881
18797
19485
22694
17195
10606
17060
6839
15180
10783
1557
25537
3280
6095
12544
8533
2380
18591
22882
13578
17174
20979
30204
24682
27824
14233
20576
32633
1532
8387
16362
4398
22954
8036
4122
15534
28307
22036
20674
24435
29408
1805
3953
2332
4570
11809
28532
31732
27708
30943
20146
17331
30962
30048
24771
7427
19388
14615
22687
1706
27366
25522
21045
14503
31058
32121
10039
25132
10389
15345
10440
15902
3989
12141
18233
21835
25442
9766
5357
26834
4364
19531
16132
811
22706
19798
15919
6997
25890
14834
20619
2704
16136
9691
3421
2647
8861
28446
146
21371
21014
9837
22111
10069
6907
12708
26957
16480
23495
30255
18127
1114
20647
25444
28915
32198
2434
24149
26131
7205
12863
18461
17231
24612
4310
4569
18139
24933
7002
3407
17805
8580
28211
38
22220
25050
713
6719
25039
9290
2691
9034
14673
25454
20166
28771
740
29969
15838
21225
7457
24367
6297
23659
9421
23833
26
8092
23843
11722
8788
14384
15722
16588
23925
23439
9915
11856
178
3707
28420
9644
22303
26613
5522
15693
408
23219
5145
13749
21416
5449
25652
7088
8880
11859
18584
24188
8289
17926
16396
25391
5355
673
18447
25157
20880
4501
4294
23204
22310
509
21586
2290
14128
4551
6942
16503
25995
16158
23157
24467
10829
16289
8013
24765
31936
17073
20003
19203
13049
13507
16914
25211
17785
8065
4013
21102
18770
20810
7589
19775
31775
868
2839
31229
29754
30710
3865
13721
17810
30126
17906
8419
10901
31729
21879
4404
18956
15740
21020
27681
5394
6258
10793
7727
4238
12360
22982
25384
30443
1980
24808
8890
25781
31266
4784
15795
8464
1962
16398
14362
7486
13096
23008
27545
6625
16057
20893
12251
2421
9432
31517
5035
28648
948
31093
16835
32173
11049
24
30262
4982
942
29444
3697
14230
23901
6704
14732
24524
1943
6014
23480
8074
19221
738
3556
28815
16001
16412
17009
16918
20203
26129
1246
25640
6630
10700
18597
16885
32077
5414
16604
17404
31696
30299
1043
30541
19246
32465
28223
30816
10861
21990
13771
14750
9298
25025
3253
20322
13741
19714
28317
5490
27797
26549
2665
20544
5581
21408
4437
27671
29663
22864
29056
6599
15773
19332
1862
28301
12042
30650
23645
13083
30668
10464
28817
32611
32043
30881
8109
31307
18848
21453
13697
29572
23501
6378
10457
26536
85
7884
25933
26080
12583
1617
27808
7910
24766
4531
10073
29318
13282
22273
30258
22758
8741
7108
29312
2394
10972
21588
11744
24469
3803
24299
22253
7978
11458
24386
19294
31717
19629
12395
19292
5108
14333
510
4228
19692
9184
20271
31605
17319
20115
31614
25375
15153
2828
12916
14338
12789
27256
15178
19969
20585
9247
16021
8163
21746
29746
32433
24059
10495
12155
16095
23514
2399
20340
31252
22074
10220
27218
23146
10447
30601
23499
798
142
7926
27841
200
23444
30993
15691
3459
24080
21289
24974
5065
24655
9068
26931
3827
2853
24178
20735
16621
25941
19960
2119
17377
10454
27036
20827
15671
16713
20881
12527
28960
10461
30507
28193
11695
8131
7615
26599
17140
29547
4763
26855
28449
23829
1225
11115
18888
31115
26246
18465
31644
8820
19327
1864
15971
21456
23361
17909
14899
23064
30585
559
6915
23131
9480
30804
15400
28786
27001
15652
31909
17853
21661
3244
4283
19381
25571
29645
7073
28142
28596
21827
6778
25790
2251
27779
2161
31572
15061
12105
1717
14598
13189
7717
6930
4931
23347
3788
2279
23569
30534
20221
21892
15324
29247
19779
21090
3699
3617
27358
32533
16704
11963
30983
5597
28760
8542
4762
8426
17185
23416
14525
10019
12094
8375
25570
29900
3898
799
7635
12373
17689
13558
4981
13492
26862
7740
3261
31571
20412
7027
9453
4947
11922
21681
14637
3037
17746
11926
29524
31343
9600
21930
5852
32668
25199
19151
26453
31601
1492
18812
28415
32211
10743
19554
1229
22216
6214
25950
12941
32113
27450
25629
30964
10398
2288
3001
7444
4439
26219
10121
24913
16898
9606
6947
5571
2338
27798
20193
10318
13904
11231
24953
6720
13298
11529
10275
31825
28699
19551
18391
16149
3357
30125
14902
20319
3906
6769
32141
21156
23729
6336
15601
17802
15816
10532
27982
13675
16839
30589
24812
29722
15316
13313
2609
2070
20453
9860
10964
23377
30814
28890
25633
2189
9013
29540
13658
11719
19718
14073
13646
22450
9672
13169
7082
1172
9607
11853
5387
11241
532
12880
7660
22388
11022
26603
20117
13926
17121
28900
24805
9970
28569
13539
23475
5157
29018
24201
32580
16433
13048
4045
29010
25271
12040
14294
7197
20514
11122
20897
18329
2740
8416
1400
23756
6185
28659
8485
8526
27976
19690
14386
945
29921
14776
10162
22325
3972
14467
5236
21960
2444
22498
7340
1710
8058
4303
2324
32038
23698
31492
29403
8190
28688
568
12927
21592
6745
5513
24099
4773
19356
22772
5410
19754
23917
27199
20158
9197
19419
9165
13319
18546
11155
30434
18255
619
7562
23933
11359
28944
3724
29818
22713
13907
28040
30731
30091
12338
9722
21976
19275
26682
3258
30466
20960
10451
17622
18979
14957
1135
17275
9748
31296
14401
862
13464
17256
24815
18969
31927
24018
21271
27895
19293
29985
12103
11500
10418
16110
26753
20639
31967
7771
1604
20256
21923
10478
9564
30274
16032
2373
32587
17393
17463
17416
3849
12536
9026
13708
20874
29405
18930
13948
6362
28929
16
31467
27293
22332
7180
31189
30074
16090
19981
18482
18881
1342
18262
28242
12799
31690
3909
1410
3951
27309
28942
15451
16737
25068
30055
3286
32086
16922
16629
27936
32216
5051
4656
19882
13620
2949
12657
5632
13274
23490
4498
25339
25577
22675
20326
31466
23830
28990
28299
30750
18422
14040
22735
10216
24023
24788
26023
18317
10123
15926
16180
29292
3872
14905
28494
101
32290
7418
16392
19019
25376
668
25393
12033
17109
8642
29999
12114
15694
24002
9688
30517
21619
20537
6524
1798
13074
11553
28616
11929
2620
20344
30249
18711
15545
6211
8338
17035
3745
13236
1105
20033
15817
13198
2147
27224
2479
23234
30963
19991
21429
14125
30426
23287
6536
5997
24364
8668
1438
15156
26576
27155
14971
13664
27461
14317
10095
26148
16519
29510
17665
17113
7525
18935
9807
26382
28591
20635
10581
2527
4851
10945
8019
2717
14062
19423
30827
704
13040
7811
27215
4752
4433
7986
17685
23302
24536
9503
8964
9565
13441
11712
4538
10779
14782
20335
5052
32041
2711
32539
6350
11351
24796
3622
11089
7676
22808
17787
26290
17186
26656
13395
11507
9717
20092
9652
19288
16243
16183
18972
28553
16096
17302
27388
27326
22092
5831
6052
13522
7856
3024
1579
887
29322
32012
10101
6510
12954
12060
26369
16461
8651
12587
7808
21527
2750
12274
13965
2826
13271
26896
4923
27947
29747
27571
7269
24071
32454
20305
32455
9002
9144
2120
8735
20345
17192
19341
19958
23518
32032
707
21589
12956
28546
32655
20824
5019
11688
26097
28408
11952
19923
18805
12191
28911
5799
1915
2165
20594
14060
17658
29387
19480
6116
28057
16541
21340
19828
18567
25583
20932
29714
29605
1685
10159
7505
30159
28084
31499
31508
7523
8686
22185
11542
24940
6254
25677
17904
18804
7435
6747
22871
1256
31411
24681
25779
16228
23383
25111
11843
4704
16954
28313
9171
26672
3730
16207
25085
17916
31011
6970
17485
31283
18327
19159
5312
24453
3682
14734
2351
12973
26838
24860
5562
5757
5005
17571
22755
8550
12807
9930
10496
1167
4926
27469
15805
14645
28707
4643
18199
1235
22843
13590
32598
29437
5190
8545
22265
23974
14980
2856
21541
21726
6151
31487
24340
12316
19072
6964
29431
17606
18066
21904
12833
27585
19739
18889
20283
29535
13497
17868
14303
17332
17471
14321
6289
12413
6531
23038
16903
26036
7879
32493
10298
2674
10079
11275
22811
30820
24587
30505
530
28599
12249
30638
23858
23996
21274
19895
5683
27834
2661
2986
24384
19807
23912
10508
29207
30083
3809
31895
13382
23160
20754
32481
6419
5714
22272
11565
29680
14295
16745
8512
25224
2035
30940
27605
20441
4235
32233
3813
23132
8099
12282
8469
2974
28199
32468
17482
22715
17683
796
15394
20228
24941
19641
22573
23417
11763
17492
31584
28592
346
4029
1354
4743
30087
465
31934
29625
8182
17761
8875
32352
14960
13863
17819
25553
27944
10605
26477
8691
28162
32010
14636
7896
6476
31353
2
18764
24635
18748
12866
17089
18305
3005
10241
17052
2604
6213
8709
22259
25916
5463
3473
32503
375
1807
23407
26391
31062
5332
3471
9550
5773
5215
30331
6795
